100|101|2|16|1|3|5d606f7802|1|1516323596029
100|101|2|16|1|3|5d606f7802|1|1516323597007
100|101|2|16|1|3|5d646f7802|1|1516323598382
100|101|2|16|1|3|5d646f8802|1|1516323598936
100|101|2|16|1|3|5d686f8802|1|1516323599977
100|101|2|16|1|3|5d686f9802|1|1516323601007
100|101|2|16|1|3|5d6c6fac02|1|1516323601926
100|101|2|16|1|3|5d706fac02|1|1516323603033
100|101|2|16|1|3|5d706fac02|1|1516323603959
100|101|2|16|1|3|5d706fbc02|1|1516323604876
100|101|2|16|1|3|5d746fbc02|1|1516323605897
100|101|2|16|1|3|5d746fbc02|1|1516323606925
100|101|2|16|1|3|5d746fbc02|1|1516323608358
100|101|2|16|1|3|5d786fbc02|1|1516323608970
100|101|2|16|1|3|5d786fbc02|1|1516323609891
100|101|2|16|1|3|5d786fcc02|1|1516323610923
100|101|2|16|1|3|5d7c6fcc02|1|1516323612350
100|101|2|16|1|3|5d7c6ff802|1|1516323612964
100|101|2|16|1|3|5d7c6ff002|1|1516323614399
100|101|2|16|1|3|5d806ff802|1|1516323614910
100|101|2|16|1|3|5d806ff802|1|1516323615936
100|101|2|16|1|3|5d806ff802|1|1516323616957
100|101|2|16|1|3|5d806ff802|1|1516323617984
100|101|2|16|1|3|5d846ff802|1|1516323619110
100|101|2|16|1|3|5d886fd802|1|1516323620073
100|101|2|16|1|3|5d886fd802|1|1516323620971
100|101|2|16|1|3|5d886fd802|1|1516323621998
100|101|2|16|1|3|5d8c6ff802|1|1516323622999
100|101|2|16|1|3|5d906ff802|1|1516323623926
100|101|2|16|1|3|5d946ff802|1|1516323624979
100|101|2|16|1|3|5d946ff802|1|1516323626203
100|101|2|16|1|3|5d94700c02|1|1516323627436
100|101|2|16|1|3|5d98700c02|1|1516323628436
100|101|2|16|1|3|5d98700c02|1|1516323628940
100|101|2|16|1|3|5d98700c02|1|1516323629965
100|101|2|16|1|3|5d9c700c02|1|1516323631032
100|101|2|16|1|3|5da0701c02|1|1516323632028
100|101|2|16|1|3|5da0701c02|1|1516323633167
100|101|2|16|1|3|5da4701c02|1|1516323634071
100|101|2|16|1|3|5da4701c02|1|1516323634993
100|101|2|16|1|3|5da4701c02|1|1516323636005
100|101|2|16|1|3|5da8702c02|1|1516323636949
100|101|2|16|1|3|5da8704002|1|1516323637951
100|101|2|16|1|3|5dac704002|1|1516323638979
100|101|2|16|1|3|5dac704002|1|1516323640416
100|101|2|16|1|3|5db0704002|1|1516323641008
100|101|2|16|1|3|5db0704002|1|1516323641947
100|101|2|16|1|3|5db8705002|1|1516323642968
100|101|2|16|1|3|5db8705002|1|1516323644406
100|101|2|16|1|3|5db8705c02|1|1516323644916
100|101|2|16|1|3|5dbc705c02|1|1516323646176
100|101|2|16|1|3|5dc0705c02|1|1516323646968
100|101|2|16|1|3|5dc0705c02|1|1516323648012
100|101|2|16|1|3|5dc4705c02|1|1516323649009
100|101|2|16|1|3|5dc8705c02|1|1516323650139
100|101|2|16|1|3|5dcc704802|1|1516323650963
100|101|2|16|1|3|5dcc704802|1|1516323652113
100|101|2|16|1|3|5dcc704802|1|1516323653102
100|101|2|16|1|3|5dcc704802|1|1516323654061
100|101|2|16|1|3|5dcc705c02|1|1516323655077
100|101|2|16|1|3|5dd0706c02|1|1516323656591
100|101|2|16|1|3|5dd4706c02|1|1516323657102
100|101|2|16|1|3|5dd4706c02|1|1516323658027
100|101|2|16|1|3|5dd8706c02|1|1516323659081
100|101|2|16|1|3|5dd8706c02|1|1516323660070
100|101|2|16|1|3|5ddc706c02|1|1516323661101
100|101|2|16|1|3|5dd8706c02|1|1516323662082
100|101|2|16|1|3|5ddc705c02|1|1516323663041
100|101|2|16|1|3|5ddc704802|1|1516323664282
100|101|2|16|1|3|5ddc704802|1|1516323665119
100|101|2|16|1|3|5de0704802|1|1516323666009
100|101|2|16|1|3|5de4704802|1|1516323667227
100|101|2|16|1|3|5de4704802|1|1516323668367
100|101|2|16|1|3|5de4704802|1|1516323669185
100|101|2|16|1|3|5de4706c02|1|1516323670006
100|101|2|16|1|3|5de8707c02|1|1516323671028
100|101|2|16|1|3|5de8708c02|1|1516323672054
100|101|2|16|1|3|5de870a002|1|1516323673116
100|101|2|16|1|3|5dec70a002|1|1516323674031
100|101|2|16|1|3|5dec70a002|1|1516323675022
100|101|2|16|1|3|5dec70a002|1|1516323676047
100|101|2|16|1|3|5df070a002|1|1516323677315
100|101|2|16|1|3|5df4708c02|1|1516323678251
100|101|2|16|1|3|5df4708c02|1|1516323679016
100|101|2|16|1|3|5df4706c02|1|1516323680145
100|101|2|16|1|3|5df4706c02|1|1516323681048
100|101|2|16|1|3|5df8705c02|1|1516323682197
100|101|2|16|1|3|5df8703802|1|1516323683139
100|101|2|16|1|3|5dfc702802|1|1516323684050
100|101|2|16|1|3|5dfc700402|1|1516323685059
100|101|2|16|1|3|5e046fec02|1|1516323686091
100|101|2|16|1|3|5e086fdc02|1|1516323687106
100|101|2|16|1|3|5e086fdc02|1|1516323688237
100|101|2|16|1|3|5e086fdc02|1|1516323689695
100|101|2|16|1|3|5e0c6fdc02|1|1516323690087
100|101|2|16|1|3|5e106fcc02|1|1516323691324
100|101|2|16|1|3|5e146fb802|1|1516323692681
100|101|2|16|1|3|5e146f9802|1|1516323693654
100|101|2|16|1|3|5e186f9802|1|1516323694069
100|101|2|16|1|3|5e186f9802|1|1516323695602
100|101|2|16|1|3|5e186f8402|1|1516323696522
100|101|2|16|1|3|5e186f6402|1|1516323697653
100|101|2|16|1|3|5e186f6402|1|1516323698160
100|101|2|16|1|3|5e1c6f5402|1|1516323699203
100|101|2|16|1|3|5e1c6f5402|1|1516323700515
100|101|2|16|1|3|5e206f5402|1|1516323701539
100|101|2|16|1|3|5e206f4002|1|1516323702054
100|101|2|16|1|3|5e246f4002|1|1516323703177
100|101|2|16|1|3|5e246f4002|1|1516323704122
100|101|2|16|1|3|5e246f4002|1|1516323705123
100|101|2|16|1|3|5e2c6f4002|1|1516323706506
100|101|2|16|1|3|5e2c6f4002|1|1516323707172
100|101|2|16|1|3|5e346f4002|1|1516323708095
100|101|2|16|1|3|5e386f4002|1|1516323709174
100|101|2|16|1|3|5e386f4002|1|1516323710288
100|101|2|16|1|3|5e386f4002|1|1516323711067
100|101|2|16|1|3|5e386f3002|1|1516323712221
100|101|2|16|1|3|5e386f2802|1|1516323713542
100|101|2|16|1|3|5e3c6f0802|1|1516323714254
100|101|2|16|1|3|5e406f0802|1|1516323715574
100|101|2|16|1|3|5e446ef402|1|1516323716191
100|101|2|16|1|3|5e446ef402|1|1516323717633
100|101|2|16|1|3|5e446ef402|1|1516323718131
100|101|2|16|1|3|5e486ef402|1|1516323719052
100|101|2|16|1|3|5e486ef402|1|1516323720205
100|101|2|16|1|3|5e4c6f0802|1|1516323721127
100|101|2|16|1|3|5e4c6f0802|1|1516323723052
100|101|2|16|1|3|5e506f2802|1|1516323723475
100|101|2|16|1|3|5e506f2802|1|1516323724624
100|101|2|16|1|3|5e506f2802|1|1516323725709
100|101|2|16|1|3|5e506f2802|1|1516323726426
100|101|2|16|1|3|5e546f2802|1|1516323727806
100|101|2|16|1|3|5e506f2802|1|1516323728846
100|101|2|16|1|3|5e546f2802|1|1516323729825
100|101|2|16|1|3|5e546f0802|1|1516323730557
100|101|2|16|1|3|5e546f0802|1|1516323731885
100|101|2|16|1|3|5e586f0802|1|1516323733208
100|101|2|16|1|3|5e586f0802|1|1516323733941
100|101|2|16|1|3|5e586ef402|1|1516323734684
100|101|2|16|1|3|5e5c6ef402|1|1516323735799
100|101|2|16|1|3|5e5c6ef402|1|1516323736640
100|101|2|16|1|3|5e5c6ef402|1|1516323737690
100|101|2|16|1|3|5e606ef402|1|1516323738745
100|101|2|16|1|3|5e606ef402|1|1516323739756
100|101|2|16|1|3|5e606ee402|1|1516323740691
100|101|2|16|1|3|5e606ee402|1|1516323741687
100|101|2|16|1|3|5e646ee402|1|1516323742700
100|101|2|16|1|3|5e646ee402|1|1516323743962
100|101|2|16|1|3|5e646ee402|1|1516323744774
100|101|2|16|1|3|5e686ed402|1|1516323745654
100|101|2|16|1|3|5e686ed402|1|1516323747050
100|101|2|16|1|3|5e6c6eb002|1|1516323747633
100|101|2|16|1|3|5e6c6ea002|1|1516323748724
100|101|2|16|1|3|5e6c6e9002|1|1516323749756
100|101|2|16|1|3|5e746e7c02|1|1516323750783
100|101|2|16|1|3|5e786e7c02|1|1516323751702
100|101|2|16|1|3|5e786e7c02|1|1516323752664
100|101|2|16|1|3|5e7c6e9002|1|1516323753697
100|101|2|16|1|3|5e7c6e9002|1|1516323754836
100|101|2|16|1|3|5e7c6e9002|1|1516323755708
100|101|2|16|1|3|5e7c6e9002|1|1516323756647
100|101|2|16|1|3|5e7c6e9002|1|1516323758104
100|101|2|16|1|3|5e806e9002|1|1516323758940
100|101|2|16|1|3|5e806e9802|1|1516323759840
100|101|2|16|1|3|5e846e9802|1|1516323760786
100|101|2|16|1|3|5e846e9002|1|1516323761738
100|101|2|16|1|3|5e846e9002|1|1516323763017
100|101|2|16|1|3|5e846e9802|1|1516323763703
100|101|2|16|1|3|5e886e9802|1|1516323764627
100|101|2|16|1|3|5e886e9802|1|1516323765778
100|101|2|16|1|3|5e8c6e9802|1|1516323766677
100|101|2|16|1|3|5e8c6e8802|1|1516323767604
100|101|2|16|1|3|5e8c6e8802|1|1516323768836
100|101|2|16|1|3|5e8c6e8802|1|1516323769877
100|101|2|16|1|3|5e8c6e8802|1|1516323770887
100|101|2|16|1|3|5e8c6e7802|1|1516323771709
100|101|2|16|1|3|5e906e7802|1|1516323772749
100|101|2|16|1|3|5e906e7802|1|1516323773909
100|101|2|16|1|3|5e906e6402|1|1516323774900
100|101|2|16|1|3|5e906e6402|1|1516323775726
100|101|2|16|1|3|5e906e5402|1|1516323776720
100|101|2|16|1|3|5e946e5402|1|1516323777633
100|101|2|16|1|3|5e946e5402|1|1516323778677
100|101|2|16|1|3|5e986e5402|1|1516323779803
100|101|2|16|1|3|5e9c6e5402|1|1516323780914
100|101|2|16|1|3|5e9c6e5402|1|1516323781829
100|101|2|16|1|3|5e9c6e5402|1|1516323782761
100|101|2|16|1|3|5e9c6e5402|1|1516323783816
100|101|2|16|1|3|5e9c6e5402|1|1516323784900
100|101|2|16|1|3|5ea46e5402|1|1516323785679
100|101|2|16|1|3|5ea46e5402|1|1516323787128
100|101|2|16|1|3|5ea46e4402|1|1516323788204
100|101|2|16|1|3|5ea46e4402|1|1516323788823
100|101|2|16|1|3|5ea86e4402|1|1516323790003
100|101|2|16|1|3|5ea86e4402|1|1516323790743
100|101|2|16|1|3|5ea86e4402|1|1516323791679
100|101|2|16|1|3|5ea86e4402|1|1516323792690
100|101|2|16|1|3|5eac6e4402|1|1516323793960
100|101|2|16|1|3|5eac6e4402|1|1516323794737
100|101|2|16|1|3|5eac6e4402|1|1516323795786
100|101|2|16|1|3|5eac6e4402|1|1516323797076
100|101|2|16|1|3|5eb06e4402|1|1516323798146
100|101|2|16|1|3|5eb06e4402|1|1516323798959
100|101|2|16|1|3|5eb06e4402|1|1516323799716
100|101|2|16|1|3|5eb06e2002|1|1516323800852
100|101|2|16|1|3|5eb06e1002|1|1516323801773
100|101|2|16|1|3|5eb46e0002|1|1516323802736
100|101|2|16|1|3|5eb86dec02|1|1516323804282
100|101|2|16|1|3|5ebc6dec02|1|1516323804704
100|101|2|16|1|3|5ebc6e0002|1|1516323805702
100|101|2|16|1|3|5ebc6e1c02|1|1516323806852
100|101|2|16|1|3|5ec06e1c02|1|1516323807781
100|101|2|16|1|3|5ec06e1c02|1|1516323808691
100|101|2|16|1|3|5ec06e1c02|1|1516323809703
100|101|2|16|1|3|5ec06e0802|1|1516323810776
100|101|2|16|1|3|5ec46e0802|1|1516323811975
100|101|2|16|1|3|5ec86e0802|1|1516323812854
100|101|2|16|1|3|5ec46e0802|1|1516323813669
100|101|2|16|1|3|5ec46df802|1|1516323814817
100|101|2|16|1|3|5ec86df802|1|1516323815723
100|101|2|16|1|3|5ecc6df802|1|1516323816748
100|101|2|16|1|3|5ecc6df802|1|1516323818581
100|101|2|16|1|3|5ed06df802|1|1516323819000
100|101|2|16|1|3|5ed46de802|1|1516323820531
100|101|2|16|1|3|5ed46de802|1|1516323820938
100|101|2|16|1|3|5ed46dd802|1|1516323822084
100|101|2|16|1|3|5ed46dd802|1|1516323823003
100|101|2|16|1|3|5ed46dd802|1|1516323824013
100|101|2|16|1|3|5ed46dc402|1|1516323825453
100|101|2|16|1|3|5ed86dc402|1|1516323825955
100|101|2|16|1|3|5ed86dc402|1|1516323826980
100|101|2|16|1|3|5ed86db402|1|1516323828025
100|101|2|16|1|3|5ed86db402|1|1516323829030
100|101|2|16|1|3|5ed86db402|1|1516323830161
100|101|2|16|1|3|5ed86db402|1|1516323830976
100|101|2|16|1|3|5edc6da402|1|1516323832104
100|101|2|16|1|3|5ee06da402|1|1516323833079
100|101|2|16|1|3|5ee06da402|1|1516323834093
100|101|2|16|1|3|5ee46da402|1|1516323835072
100|101|2|16|1|3|5ee46da402|1|1516323835993
100|101|2|16|1|3|5ee46da402|1|1516323837041
100|101|2|16|1|3|5ee86d9002|1|1516323838041
100|101|2|16|1|3|5ee86d9002|1|1516323839063
100|101|2|16|1|3|5eec6d9002|1|1516323839989
100|101|2|16|1|3|5eec6d8002|1|1516323841038
100|101|2|16|1|3|5eec6d7002|1|1516323842060
100|101|2|16|1|3|5eec6d7002|1|1516323843058
100|101|2|16|1|3|5eec6d4c02|1|1516323843997
100|101|2|16|1|3|5eec6d4c02|1|1516323845003
100|101|2|16|1|3|5ef06d3c02|1|1516323846034
100|101|2|16|1|3|5ef06d3c02|1|1516323847053
100|101|2|16|1|3|5ef06d3c02|1|1516323848314
100|101|2|16|1|3|5ef06d3c02|1|1516323848999
100|101|2|16|1|3|5ef06d3c02|1|1516323850021
100|101|2|16|1|3|5eec6d3c02|1|1516323851047
100|101|2|16|1|3|5ef06d2c02|1|1516323851969
100|101|2|16|1|3|5ef06d1802|1|1516323853108
100|101|2|16|1|3|5ef06d1802|1|1516323854468
100|101|2|16|1|3|5ef06d1802|1|1516323855062
100|101|2|16|1|3|5ef06d1802|1|1516323856167
100|101|2|16|1|3|5ef06d0802|1|1516323856997
100|101|2|16|1|3|5ef06d0802|1|1516323858034
100|101|2|16|1|3|5ef06cf802|1|1516323859063
100|101|2|16|1|3|5ef06ce402|1|1516323860097
100|101|2|16|1|3|5ef06cd402|1|1516323861092
100|101|2|16|1|3|5ef06cc402|1|1516323862121
100|101|2|16|1|3|5ef46cc402|1|1516323863205
100|101|2|16|1|3|5ef46cb002|1|1516323864155
100|101|2|16|1|3|5ef46cb002|1|1516323865082
100|101|2|16|1|3|5ef86cb002|1|1516323866004
100|101|2|16|1|3|5ef86cb002|1|1516323867037
100|101|2|16|1|3|5f006ccc02|1|1516323868054
100|101|2|16|1|3|5f086cdc02|1|1516323869079
100|101|2|16|1|3|5f086d0002|1|1516323869998
100|101|2|16|1|3|5f0c6d1002|1|1516323871132
100|101|2|16|1|3|5f0c6d2402|1|1516323872051
100|101|2|16|1|3|5f0c6d2402|1|1516323873089
100|101|2|16|1|3|5f0c6d2402|1|1516323874098
100|101|2|16|1|3|5f0c6d2402|1|1516323875116
100|101|2|16|1|3|5f0c6d2402|1|1516323876058
100|101|2|16|1|3|5f0c6d2402|1|1516323877057
100|101|2|16|1|3|5f106d2402|1|1516323878196
100|101|2|16|1|3|5f146d2402|1|1516323879003
100|101|2|16|1|3|5f146d2402|1|1516323880031
100|101|2|16|1|3|5f146d3402|1|1516323881184
100|101|2|16|1|3|5f186d3402|1|1516323882175
100|101|2|16|1|3|5f186d3402|1|1516323883162
100|101|2|16|1|3|5f1c6d3402|1|1516323884028
100|101|2|16|1|3|5f186d3402|1|1516323885143
100|101|2|16|1|3|5f186d3402|1|1516323886094
100|101|2|16|1|3|5f186d3402|1|1516323887095
100|101|2|16|1|3|5f186d3402|1|1516323888438
100|101|2|16|1|3|5f186d3402|1|1516323889037
100|101|2|16|1|3|5f186d2402|1|1516323890074
100|101|2|16|1|3|5f186d1002|1|1516323891102
100|101|2|16|1|3|5f1c6d0002|1|1516323892179
100|101|2|16|1|3|5f1c6cdc02|1|1516323893990
100|101|2|16|1|3|5f1c6ccc02|1|1516323894622
100|101|2|16|1|3|5f1c6cbc02|1|1516323895445
100|101|2|16|1|3|5f1c6ca802|1|1516323896521
100|101|2|16|1|3|5f1c6ca802|1|1516323897577
100|101|2|16|1|3|5f1c6c9802|1|1516323898717
100|101|2|16|1|3|5f1c6c9802|1|1516323899554
100|101|2|16|1|3|5f1c6c9802|1|1516323900392
100|101|2|16|1|3|5f206c9802|1|1516323901447
100|101|2|16|1|3|5f1c6c9802|1|1516323902372
100|101|2|16|1|3|5f1c6c9802|1|1516323903354
100|101|2|16|1|3|5f1c6c8802|1|1516323904381
100|101|2|16|1|3|5f1c6c8802|1|1516323905375
100|101|2|16|1|3|5f1c6c8802|1|1516323906383
100|101|2|16|1|3|5f206c6402|1|1516323907423
100|101|2|16|1|3|5f206c6402|1|1516323908610
100|101|2|16|1|3|5f206c6402|1|1516323909443
100|101|2|16|1|3|5f246c6402|1|1516323910446
100|101|2|16|1|3|5f286c6402|1|1516323911372
100|101|2|16|1|3|5f2c6c8802|1|1516323912911
100|101|2|16|1|3|5f2c6c8802|1|1516323913933
100|101|2|16|1|3|5f2c6c9802|1|1516323914421
100|101|2|16|1|3|5f306c9802|1|1516323915875
100|101|2|16|1|3|5f306c9802|1|1516323916388
100|101|2|16|1|3|5f346c9802|1|1516323917616
100|101|2|16|1|3|5f3c6c9802|1|1516323918948
100|101|2|16|1|3|5f3c6c9802|1|1516323919440
100|101|2|16|1|3|5f3c6c9002|1|1516323920437
100|101|2|16|1|3|5f3c6c9002|1|1516323921400
100|101|2|16|1|3|5f3c6c9002|1|1516323922847
100|101|2|16|1|3|5f3c6c9002|1|1516323923440
100|101|2|16|1|3|5f3c6c9002|1|1516323924446
100|101|2|16|1|3|5f3c6c7002|1|1516323925419
100|101|2|16|1|3|5f3c6c7002|1|1516323926425
100|101|2|16|1|3|5f3c6c7002|1|1516323927462
100|101|2|16|1|3|5f3c6c5c02|1|1516323928484
100|101|2|16|1|3|5f406c5c02|1|1516323929527
100|101|2|16|1|3|5f406c5c02|1|1516323930940
100|101|2|16|1|3|5f446c5c02|1|1516323931457
100|101|2|16|1|3|5f446c5c02|1|1516323932509
100|101|2|16|1|3|5f446c5c02|1|1516323933417
100|101|2|16|1|3|5f446c4c02|1|1516323934508
100|101|2|16|1|3|5f486c4c02|1|1516323935505
100|101|2|16|1|3|5f486c4c02|1|1516323936453
100|101|2|16|1|3|5f486c4c02|1|1516323937479
100|101|2|16|1|3|5f486c4c02|1|1516323938505
100|101|2|16|1|3|5f4c6c4c02|1|1516323940058
100|101|2|16|1|3|5f4c6c4c02|1|1516323940441
100|101|2|16|1|3|5f4c6c4c02|1|1516323941464
100|101|2|16|1|3|5f4c6c3c02|1|1516323942486
100|101|2|16|1|3|5f4c6c2c02|1|1516323943944
100|101|2|16|1|3|5f4c6c2c02|1|1516323944517
100|101|2|16|1|3|5f506c2c02|1|1516323945458
100|101|2|16|1|3|5f506c2c02|1|1516323946486
100|101|2|16|1|3|5f546c2c02|1|1516323947426
100|101|2|16|1|3|5f546c2c02|1|1516323948534
100|101|2|16|1|3|5f546c1802|1|1516323949545
100|101|2|16|1|3|5f546c0802|1|1516323950479
100|101|2|16|1|3|5f586c0802|1|1516323951499
100|101|2|16|1|3|5f546c0802|1|1516323952529
100|101|2|16|1|3|5f586c0802|1|1516323953444
100|101|2|16|1|3|5f586c0802|1|1516323955006
100|101|2|16|1|3|5f586c0802|1|1516323955500
100|101|2|16|1|3|5f586c0802|1|1516323956518
100|101|2|16|1|3|5f586bf802|1|1516323957550
100|101|2|16|1|3|5f5c6bf802|1|1516323958469
100|101|2|16|1|3|5f5c6bf802|1|1516323959500
100|101|2|16|1|3|5f5c6bf802|1|1516323960592
100|101|2|16|1|3|5f5c6be402|1|1516323961616
100|101|2|16|1|3|5f5c6be402|1|1516323962464
100|101|2|16|1|3|5f5c6be402|1|1516323963502
100|101|2|16|1|3|5f5c6be402|1|1516323964511
100|101|2|16|1|3|5f5c6be402|1|1516323965667
100|101|2|16|1|3|5f5c6bd402|1|1516323966558
100|101|2|16|1|3|5f5c6bd402|1|1516323968044
100|101|2|16|1|3|5f606bd402|1|1516323968609
100|101|2|16|1|3|5f606bd402|1|1516323969529
100|101|2|16|1|3|5f606bd402|1|1516323970561
100|101|2|16|1|3|5f606bd402|1|1516323971578
100|101|2|16|1|3|5f646bd402|1|1516323972511
100|101|2|16|1|3|5f646bd402|1|1516323973518
100|101|2|16|1|3|5f646bd402|1|1516323974563
100|101|2|16|1|3|5f686bd402|1|1516323975505
100|101|2|16|1|3|5f686bd402|1|1516323976588
100|101|2|16|1|3|5f686bd402|1|1516323977522
100|101|2|16|1|3|5f6c6bd402|1|1516323978540
100|101|2|16|1|3|5f6c6bd402|1|1516323979565
100|101|2|16|1|3|5f686bd402|1|1516323980714
100|101|2|16|1|3|5f6c6bd402|1|1516323981618
100|101|2|16|1|3|5f686bc402|1|1516323982633
100|101|2|16|1|3|5f6c6bc402|1|1516323983593
100|101|2|16|1|3|5f6c6bc402|1|1516323984520
100|101|2|16|1|3|5f6c6bb002|1|1516323985510
100|101|2|16|1|3|5f6c6ba002|1|1516323986525
100|101|2|16|1|3|5f6c6ba002|1|1516323987547
100|101|2|16|1|3|5f6c6ba002|1|1516323988580
100|101|2|16|1|3|5f6c6ba002|1|1516323989641
100|101|2|16|1|3|5f6c6ba002|1|1516323990934
100|101|2|16|1|3|5f706b8002|1|1516323991543
100|101|2|16|1|3|5f706b8002|1|1516323992597
100|101|2|16|1|3|5f706b8002|1|1516323993598
100|101|2|16|1|3|5f706b8002|1|1516323994523
100|101|2|16|1|3|5f706b6c02|1|1516323995623
100|101|2|16|1|3|5f706b6c02|1|1516323996588
100|101|2|16|1|3|5f706b6c02|1|1516323997584
100|101|2|16|1|3|5f746b6c02|1|1516323998649
100|101|2|16|1|3|5f746b6c02|1|1516323999529
100|101|2|16|1|3|5f746b8002|1|1516324000553
100|101|2|16|1|3|5f746b8002|1|1516324001626
100|101|2|16|1|3|5f746b8002|1|1516324004263
100|101|2|16|1|3|5f746b8002|1|1516324004777
100|101|2|16|1|3|5f786b8002|1|1516324005765
100|101|2|16|1|3|5f786b6c02|1|1516324006775
100|101|2|16|1|3|5f786b6c02|1|1516324007887
100|101|2|16|1|3|5f7c6b7802|1|1516324008751
100|101|2|16|1|3|5f7c6b7802|1|1516324009868
100|101|2|16|1|3|5f7c6b7802|1|1516324010811
100|101|2|16|1|3|5f7c6b6c02|1|1516324011820
100|101|2|16|1|3|5f7c6b7802|1|1516324012795
100|101|2|16|1|3|5f7c6b7802|1|1516324013775
100|101|2|16|1|3|5f806b7802|1|1516324014825
100|101|2|16|1|3|5f7c6b7802|1|1516324015819
100|101|2|16|1|3|5f806b8802|1|1516324016750
100|101|2|16|1|3|5f806b8802|1|1516324017765
100|101|2|16|1|3|5f806b8802|1|1516324018807
100|101|2|16|1|3|5f806b8802|1|1516324019892
100|101|2|16|1|3|5f806b8802|1|1516324020749
100|101|2|16|1|3|5f846bac02|1|1516324021983
100|101|2|16|1|3|5f846bac02|1|1516324022789
100|101|2|16|1|3|5f846b8802|1|1516324024323
100|101|2|16|1|3|5f846b8802|1|1516324024822
100|101|2|16|1|3|5f846b8802|1|1516324025792
100|101|2|16|1|3|5f846b8802|1|1516324026785
100|101|2|16|1|3|5f846b7802|1|1516324027795
100|101|2|16|1|3|5f846b7802|1|1516324028841
100|101|2|16|1|3|5f806b6802|1|1516324029758
100|101|2|16|1|3|5f846b6802|1|1516324030774
100|101|2|16|1|3|5f846b6802|1|1516324031825
100|101|2|16|1|3|5f886b6802|1|1516324032849
100|101|2|16|1|3|5f886b6802|1|1516324033749
100|101|2|16|1|3|5f886b6802|1|1516324034865
100|101|2|16|1|3|5f8c6b6802|1|1516324035797
100|101|2|16|1|3|5f8c6b6802|1|1516324036841
100|101|2|16|1|3|5f8c6b7802|1|1516324037860
100|101|2|16|1|3|5f906b7802|1|1516324038850
100|101|2|16|1|3|5f8c6b7802|1|1516324039891
100|101|2|16|1|3|5f8c6b7802|1|1516324040834
100|101|2|16|1|3|5f8c6b7802|1|1516324041903
100|101|2|16|1|3|5f906b7802|1|1516324042779
100|101|2|16|1|3|5f906b7802|1|1516324043775
100|101|2|16|1|3|5f906b7802|1|1516324044944
100|101|2|16|1|3|5f906b7802|1|1516324045931
100|101|2|16|1|3|5f946b7802|1|1516324047001
100|101|2|16|1|3|5f906b7802|1|1516324047864
100|101|2|16|1|3|5f946b7802|1|1516324048795
100|101|2|16|1|3|5f946b6802|1|1516324049923
100|101|2|16|1|3|5f986b6802|1|1516324050865
100|101|2|16|1|3|5f986b7802|1|1516324051881
100|101|2|16|1|3|5f986b7802|1|1516324053557
100|101|2|16|1|3|5f986b7802|1|1516324053986
100|101|2|16|1|3|5f9c6b7802|1|1516324054944
100|101|2|16|1|3|5f986b7802|1|1516324055969
100|101|2|16|1|3|5f986b7802|1|1516324057017
100|101|2|16|1|3|5f9c6b7802|1|1516324058241
100|101|2|16|1|3|5f986b6802|1|1516324058968
100|101|2|16|1|3|5f9c6b6802|1|1516324059960
100|101|2|16|1|3|5fa06b6802|1|1516324060928
100|101|2|16|1|3|5f9c6b6802|1|1516324061969
100|101|2|16|1|3|5fa06b6802|1|1516324063020
100|101|2|16|1|3|5fa06b6802|1|1516324063976
100|101|2|16|1|3|5fa06b6802|1|1516324064974
100|101|2|16|1|3|5fa06b6802|1|1516324065987
100|101|2|16|1|3|5fa86b5402|1|1516324066990
100|101|2|16|1|3|5fa86b5402|1|1516324068015
100|101|2|16|1|3|5fac6b5402|1|1516324069009
100|101|2|16|1|3|5fac6b5402|1|1516324069980
100|101|2|16|1|3|5fac6b5402|1|1516324071265
100|101|2|16|1|3|5fac6b5402|1|1516324072016
100|101|2|16|1|3|5fac6b5402|1|1516324073465
100|101|2|16|1|3|5fac6b4402|1|1516324073983
100|101|2|16|1|3|5fac6b4402|1|1516324074997
100|101|2|16|1|3|5fac6b4402|1|1516324076026
100|101|2|16|1|3|5fac6b3402|1|1516324077025
100|101|2|16|1|3|5fac6b3402|1|1516324077990
100|101|2|16|1|3|5fac6b2402|1|1516324078987
100|101|2|16|1|3|5fac6b2402|1|1516324080055
100|101|2|16|1|3|5fac6b2402|1|1516324081035
100|101|2|16|1|3|5fac6b1002|1|1516324082473
100|101|2|16|1|3|5fb06b1002|1|1516324083008
100|101|2|16|1|3|5fb06b1002|1|1516324084005
100|101|2|16|1|3|5fb06b2402|1|1516324085034
100|101|2|16|1|3|5fb06b2402|1|1516324086059
100|101|2|16|1|3|5fb46b3402|1|1516324087513
100|101|2|16|1|3|5fb86b4402|1|1516324088519
100|101|2|16|1|3|5fb86b4402|1|1516324089049
100|101|2|16|1|3|5fb86b4402|1|1516324090051
100|101|2|16|1|3|5fb86b4402|1|1516324091088
100|101|2|16|1|3|5fb86b5402|1|1516324092098
100|101|2|16|1|3|5fb86b5402|1|1516324093019
100|101|2|16|1|3|5fb86b5402|1|1516324094043
100|101|2|16|1|3|5fbc6b6002|1|1516324095069
100|101|2|16|1|3|5fbc6b4402|1|1516324096397
100|101|2|16|1|3|5fc06b5002|1|1516324097014
100|101|2|16|1|3|5fc06b6002|1|1516324098469